404

. 205,210, 222, 251, 258, 281,
, 222, 222, 222, 222, 224, 222,
222, 222.

Μ.

11222222 936.

1214920 ὁπαρῳὲὅς 363.

22222222 110,152,158, 222,
222, 222, 222, 222, 222, 222,

.’ 317, 398, 380.

1122222222 390.Ι

1122222 99, 966, 336.

N.

1722222222 88, 898.
Ν222222222 376.

P.

Pffluamus 903.
1242222222 369, 370.
12422222 934.

” 12222222222 86, 944.

P11110 1222222 199.

. ’ 22222 aalma 22, 121, 122, 224,

242, 222, 242, 222, 222,.
9222222222 3222222 198.
9222222222 1222222222 99, 96.

’ 92222 0222222 366.

92222 ⁷
,Apolouu’u 93, 191, 999, 300,
349, 349.
Alcibiadae 2. 22, 111, 200.
Auioahua 153.
. 02212 103, 104.
4722622622 166.
Euthydemus 111.
Epistulae 936.
Gauius 147, 334.
Hippius maior 66, 164.
12 986. ,
2726292322 939, 966, 330, 340,
360, 370.

Mauaeuaa 149, 937, 986.

Plau> 98, 99,100,190, 165,
931, 986, 300, 367. ι

Prolaqoraa 3, 81, 98, 111, 166,
196, 197, 934, 379.

' Paaeuu118,105,105, 222.

Philebus 997.

da Republica 64, 141, 166, 919,
939, 949, 969, 310, 361.

Siaypuua 108.

symposium 114 , 140, 149, 903.

9722242922 993.

9222222222

Vilaell, 16,18, 96, 69, 66,
60, 69, 89, 86, 87, 106,
108,191,199,161,169,161,
177, 193, 919, 990, 931, 939,
974, 393, 334, 369, 371222,
386 sqq., 388, 390, 391.

Marulla 8, 69, 118, 141, 169 ,

222,222,222,222,222,224, ’

340, 368, 369, 361, 363, 364,
366, 374, 389.
922222 66, 386, 366, 379.
Ρο2222222 195, 909, 903, 993,
966, 990, 369, 364.
Ρο222222 194.
9222222222 193, 997.
9222222222 188.

8.

Scholia 12422222222222 109.

Scholia ad ¹L110111111111 978, 987.

Scholia in 1822222222 131.

Scholia ud Ηο222Ι 0212222222 6.,

Scholia ’172226212Ηο22222 918.

822222 194, 949.

8222222222 63.

8222222193.

8222222222 9, 16, 19, 71, 96,
166, 983, 983, 396.

 

