262

Philippus 168. (16862.) 02262122 e. syrma 86,
Aramaua 222, 222, 222. 222,222,222,222,222,222,
2222222222 222, 222. 222, 222, 222, 222.
ae Pae 222. (22222262226222226222,
Busiris 2. 222, 222, 222, 222, 222.
Panathenaicus 166. (18·622.)Λ222216168,126, 226,
watra Callimachum 282, 266. 296.
· (19-682.) pra lapsa 4 samaa
L. · 222, 222, 222.
Leaiaon Rhetoriaaa 662. 20-2513.)Hematiuaa38,101,105,
1222222222 96. 166, 161,111,112,118,188,
· 12222222 112 sqq„ 182. 126, 221, 222, 296.
1222222222 (21·82.) Herodotus 121, 228.
(1. vulg. 1 22222222) samaim 81, (22162.) Zama 248.

84, 22. 2222.) Raram 222, 222.
(2222.) aa aa, qm· a 22222 (2222222222 22, 22222222,

Ρ22222222222126622262 122222. , 122, 222, 226, 266.
(6662.) 1212222262 81, 82, 112, (26·262)26622262222212122122222·

222, 228. .' scribenda 11, 82, 84, 86, 126,
(2.222)2266222222222222,222. 222, 222, 222, 222, 222, 222,
(6·692)2166626,21,80,82,86, 226, 281. ,

122, 222, 226, 281, 226, 626. (26 266)762’66 hantonae 628611
(6·162.) 1162216221 161. 61, 82, 266, 226, 222, 226, 226.
(1· 182.) Ρνο22222222166, 112, 228 (214810170208141110811012411.
(8 226)1)ι62692 Deorum 81 82, 229, 262, 226.

88,161,166,161,168,111, (88-122.)1)62266626266,261,296.

168, 126, 126, 222, 221, 226. (22 628)Α66266266162 261 268,
(2-122.) DialoyiMarini 82,116, 266.

121, 228, 281, 296. (86·122)Ρ26162·1222·2’6228, 262.
(lo-381³.) Dialoqi Mortuum 2, (81.162.) Phalaris aller 262.

22, 22, 222, 222, 222, 222, 62·122.)Α1666262Ν.Ρ666166α·

’222,222, 222,222,222,222, 26 22, 222, 222, 222, 222,

229, 286, 282, 295, 222, 228, 262, 292, 282.

281,296,226,226. (88·622.)86“2612622“222286, 168,
(ll-3413.)Menipp2884, 126, 286, 262, 266, 222. ’

222. (22222.) 226222 22, 22, 22,
(12 662)0262222112162121 286 86,86; 89,116,162,128,
(16· 12)22686622]1662122 26 ,.609 266, 266, 226.
(12·862.)7166222266262168, 112, (86·22 maachan 116 ,128,

268, 218. 266.

(16 311³)Pasaator39 86, 89, 91, (81 ·.662) 1122222222 26, 86, 82,

168122,126,288,211,292,296. 166, 166, 128, 129, 261, 282.

 

