409

(885888888888,85,85,111, (58188) calamiae non 8888
118, 158, 151, 851, 858881, 8888888118, 181,185,188.
294. (00·50 8.) Ρ8811780198848 in 778888·

(88518) 1888188115888, 151, 8188 88, 188, 118,188,181,
858, 885. 188, 888.

(405818.) pro imaqinibm 141, 259. (61-918.) 0888888 198, 109, 270.

(8188881888.88,18,85,85, (88188.)188888188888818.

’ 181,]88,185,151,158,158, ’(8855 8.) Patriae 8888888 881.
260, 270, 297. (04-28.)118 9194499949 200.

(42·708.) 1188888 7 8, 88, 80, 89, (65-828.)0188808168888Η88180880.
88,188,888, 881, 888, 881. (88818.) 11888188 8. Vota 88,

(18888.) Iupiter commus 88, 88, 94, 888, 881, 888, 881,
188888. ’ ¹ 885,811,885.

(44888.) Iupiter 0888881018 91, (67 498.) 116818φί Meretrioii 78,
118, 188, 181, 294. 88,88,188,118,181,888,888,

(45-40 8.) Somnium 9. Gallus 94, 99, 204, 205, 200, 242, 204, 297.
105, 101, 189, 264, 265, 297. (68-4818.) de morte Pereyrini 99,

(40-248.) Icaromenippm 81, 80, 107, 200, 207, 208,200, 210.
191,194‚ 119,119,119,192‚ (88888.) 1588188188, 818, 885.
885, 881, 888. (18818.) 88888888 88, 94, 99,

(11888.) 58 matus 18, 88, 88,81,81,188,181,188,118,
85,81,181,188,188,188,188, 188,188,818,811,185,881, ’
855, 885. 818.

(88818.) 88888118 888, 888, (1188 8.) convivium 9. Lapithae
888 ’ 1ο1,811,818.

(88888.) Anacharsis 85, 85, 88, (18188.) de 8888 dea 194212,
119, 181,185,181,188,888, 818, 888.

888. (18818.) 88888188 888888 ’

(58188.) de 1888 81, 181. 818, 815.

(912111.)191940rum Praeceptorw, (74218.) 11881888 concilim 804.
85, 191, 208, 269. (75·640.) Cynicus 215, 210.

(58·2611.) Philopseudes 80, 84, 80, (700911.) P9eudo9ophieta 9. Soloe·
191,269. . 84878 215, 216.

(53-1018.) Hippias 85. Α (77·720.)Ρο4ἶ8884ή8217,218,219.

(5408.) Β888188 209. (78·508.) 0188888888 220, 298.

(55-78.) Η8888888115,186, 191. (79·718.) Nero 890.

(568 8.) de 818808 &cycnis 162. (So-8014) stayoodopodaqra 220.

(57·1118.) Μ88888 encomium 140, (91-798.) 0888558104, 991.
192, 270. (99-919.) 0889888888 881.

(08498.) adversm indoctum 166888 1818811888 08, 09, 94οὶ
comentem 94, 88188188, 88888 8, 88, 81, 49, 99, 94,

194, 294, 818, 881, 881. 111, 158, 158,111,181,888,

 

