401.

(1. 1 1030001300ρο3 11011011 131.
. Emonam ’311010 333.

011011103 333. Ι 3101111100 361.
(1111110113 131, 333. 11010103 133.
0111111111110110030000110- 1011001351, 363, 331. .
. 31101. 333. 11010110 14, 330, 363, 313.
0131011011 331. 3011111113 13, 134, 333, 333,
31111101 131, 133 sqq. 031333, 340, 361, 310, 331.
010110 333. 3001111103 134.
01111111013101111 333.
(10111003 incertus 133, apud 110· G·

1110101 311. 0111100 334.
cmm 3111110110 330, 333. (1111103 134.

. 011110 0111001333.
01111003 003, 010, 011. Η·
’ 11111001111011 14, 33, 33, 301, .
. 1). 001, 033.

11111013 133. 111110001οε 3101111 333.
11110011103 13. 1111000103 31, 83, 31, 100, 113,
111103111113 83, 31, 33, 38, 31, 114,133, 133, 133, 138, 133,

00, 99,190, 110, 119, 199, , 101, 199, 199, 011, 999, 010,

133, 334, 331, 341, 343, 333, 333, 384, 333,·383, 333, 333,

313, 384, 333, 311, 331, 338, 334, 338, 334.
. 341, 348, 343, 330, 384. Η1310003 131.
11101103 314.. . . Η100011103 4, 31, 133,]40,131,
1111110103 1, 380, 331, 314, 348, 301, 318, 313, 333, 304 ,, 333,

001, 300. 003, 000, 991, 999, 999, 001,
1110 001130310103 33, 33, 134, 313, 333.

141, 303.Ι ’ Ηο11101108,103,133, 331.
1110001103 3100101333. Η11111010 343.
1110011113 1113111110 330, 333.

· 1110113103Η1110111103110133,33, ’ L ' .
41, 34, 36, 31, 131, 133, 300, 1111110103 161, 138, 313, 333,
333, 333, 380, 383, 380, 388, 310, 313, 834.

003, 013, 999, 999, 999, 301, 101 010.
011. 111101 99, 100, 199, 999, 999, ’
1111111103 318. 311, 314, 834..
111100 31111011011113 334. 1300111110
ad Demoniom 199.
Ε· 11300οο0 103, 103.
1101111101 333. . ’3000300νί000 10,136,314,313,
1110111103133, 133. y 333. ,

 

