405

3166611166 3161611666 134, 346,
336.
31661666
1666666 6, 6116666,
666666, 661, 611.

’ 3616666 1316676663, 146, 333.
Appendioe 1766663166 13 sqq.
366166 3, 66, 346, 363, 377,

334, 343, 363, 360, 363 , 366,
367, 370, 374.
361616 376.

Τ.

3616611666 363.

3666661166 41, 110, 130.

366666616166 66, 66, 73,136,
133, 304, 363.

3666666666 333.

’.11161116 Μ1616166 340.

’.1666161666 17, 33, 33, 66, 33,
03,33,33,117,130,133,143,
163, 164, 166,131,314,316,
330, 347, 363, 364, 371, 373,
616, 611, 616, 666, 661, 666,
333, 313, 336, 367, 363, 363.

3111616166 363.

3111666666 3666161 63.

X.

1166661166 1161166166 173.
1166666611

0666666646 117, 130,137,136, ·
666, 666, 616.

1166666 66,66,61,116,116,
118, 136, 133, 1461116116,
166,664,666,616,666,616,
646,666,661,666,666,616,
611,616,666,666,666,666,
661, 666, 616, 666.

Anamis 33, 66,33,107,113,
114, 666, 661, 661, 666,
336, 336.

Memorabilia 164, 163, 366. ,

61661666636666366 343, 330.

0666666661 6, 16 ,, 661, 666,
343.

Hiero 116. .

de rep, laoedaemmorum 343.

de re equestri 304.

3661666666 137. ,

domatione 121. .

de 766116673666343.

 

