y INDEX 30111101οΜ- · ’· .

QUORUM LOOI TRAOTANTUR. ο

⁴0&-

A. 1101311013 333, 361.
311010111013
Amos. Achamemes 111.

Η104. Anim. 131, 341. Equites 109, 316, 324, 351, 353.

Variae 11104. 8, 122, 209, 211. Nubes 13, 106, 234, 295,310,
1111103 1111001003 315. 316, 335.

3130111113 700100 61, 10, 13, 92,104,

1010000010οι 29, 144, 251, 292, 133, 202.

314, 326, 332. Pax 31, 156, 202, 339.

de 11010. Leqat. 145, 241, 353. Aves 1345 269, 305, 351, 331.

0300020000 34,136,144,202, 1001010010 25, 115,190, 205,

251,214,326,350,354,355333. 250, 265, 315.

1130111113 102, 129, 331, 339. 110000020οω00 34, 10, 234,
. ,113011 fabulae 134 300. 291, 315.

,1101111011 30 000. . Ranae 64, 133, 113, 351, 361.
311113 135, 221, 316. Ecclesiam 90, 111, 264, 232,
3111100103 129. 353.

10111000103 359. Ρ1010033, 232.

1110001013 10. ·sraqmenta 121, 312, 361.
1013003111111 4, 122, 226, 1113101101205.

259,1 260, 341, 334. 1100011113 233, 364, 363, 310.
0011111101311 303, 325. Α1131011013(Ρ31000·) 364.
3011111313 31, 164, 325. 111310111οε 194, 261, 263.
10111101 14, 156, 269, 214. 31110100103119.

3101100113 1001000 Homericum 5. 1111111103 331.
Α11103 131.
01011113 31. · Β·

1111001033. 1111103 000, 001, 000, 000.

 

